2535 2574 2230 2269 0 39
2535 2574 2230 2269 40 79
2535 2574 2230 2269 80 119
2535 2574 2230 2269 120 159
2535 2574 2230 2269 160 199
2535 2574 2230 2269 200 239
2535 2574 2230 2269 240 279
2535 2574 2230 2269 280 319
2535 2574 2230 2269 320 359
2535 2574 2230 2269 360 399
2535 2574 2230 2269 400 439
2535 2574 2230 2269 440 479
2535 2574 2230 2269 480 519
2535 2574 2230 2269 520 559
2535 2574 2230 2269 560 599
2535 2574 2230 2269 600 639
2535 2574 2230 2269 640 679
2535 2574 2230 2269 680 719
2535 2574 2230 2269 720 759
2535 2574 2230 2269 760 799
2535 2574 2230 2269 800 839
2535 2574 2230 2269 840 879
2535 2574 2230 2269 880 919
2535 2574 2230 2269 920 959
2535 2574 2230 2269 960 999
2535 2574 2230 2269 1000 1039
2535 2574 2230 2269 1040 1079
2535 2574 2230 2269 1080 1119
2535 2574 2230 2269 1120 1159
2535 2574 2230 2269 1160 1199
2535 2574 2230 2269 1200 1239
2535 2574 2230 2269 1240 1279
2535 2574 2230 2269 1280 1319
2535 2574 2230 2269 1320 1359
2535 2574 2230 2269 1360 1399
2535 2574 2230 2269 1400 1439
2535 2574 2230 2269 1440 1479
2535 2574 2230 2269 1480 1519
2535 2574 2230 2269 1520 1559
2535 2574 2230 2269 1560 1599
2535 2574 2230 2269 1600 1639
2535 2574 2230 2269 1640 1679
2535 2574 2230 2269 1680 1719
2535 2574 2230 2269 1720 1759
2535 2574 2230 2269 1760 1799
2535 2574 2230 2269 1800 1839
2535 2574 2230 2269 1840 1879
2535 2574 2230 2269 1880 1919
2535 2574 2230 2269 1920 1959
2535 2574 2230 2269 1960 1999
2535 2574 2230 2269 2000 2039
2535 2574 2230 2269 2040 2079
2535 2574 2230 2269 2080 2119
2535 2574 2230 2269 2120 2159
2535 2574 2230 2269 2160 2199
2535 2574 2230 2269 2200 2239
2535 2574 2230 2269 2240 2279
2535 2574 2230 2269 2280 2319
2535 2574 2230 2269 2320 2359
2535 2574 2230 2269 2360 2399
2535 2574 2230 2269 2400 2439
2535 2574 2230 2269 2440 2479
2535 2574 2230 2269 2480 2519
2535 2574 2230 2269 2520 2559
2535 2574 2230 2269 2560 2599
2535 2574 2230 2269 2600 2639
2535 2574 2230 2269 2640 2679
2535 2574 2230 2269 2680 2719
2535 2574 2230 2269 2720 2759
2535 2574 2230 2269 2760 2799
2535 2574 2230 2269 2800 2839
2535 2574 2230 2269 2840 2879
2535 2574 2230 2269 2880 2919
2535 2574 2230 2269 2920 2959
2535 2574 2230 2269 2960 2999
2535 2574 2230 2269 3000 3039
2535 2574 2230 2269 3040 3079
2535 2574 2230 2269 3080 3119
2535 2574 2230 2269 3120 3159
2535 2574 2230 2269 3160 3199
2535 2574 2230 2269 3200 3239
2535 2574 2230 2269 3240 3279
2535 2574 2230 2269 3280 3319
2535 2574 2230 2269 3320 3359
2535 2574 2230 2269 3360 3399
2535 2574 2230 2269 3400 3439
2535 2574 2230 2269 3440 3479
2535 2574 2230 2269 3480 3519
2535 2574 2230 2269 3520 3559
2535 2574 2230 2269 3560 3599
2535 2574 2230 2269 3600 3639
2535 2574 2230 2269 3640 3679
2535 2574 2230 2269 3680 3719
2535 2574 2230 2269 3720 3759
2535 2574 2230 2269 3760 3799
2535 2574 2230 2269 3800 3839
2535 2574 2230 2269 3840 3879
2535 2574 2230 2269 3880 3919
2535 2574 2230 2269 3920 3959
2535 2574 2230 2269 3960 3999
2535 2574 2230 2269 4000 4039
2535 2574 2230 2269 4040 4079
2535 2574 2230 2269 4080 4119
2535 2574 2230 2269 4120 4159
2535 2574 2230 2269 4160 4199
2535 2574 2230 2269 4200 4239
2535 2574 2230 2269 4240 4279
2535 2574 2230 2269 4280 4319
2535 2574 2230 2269 4320 4359
2535 2574 2230 2269 4360 4399
2535 2574 2230 2269 4400 4439
2535 2574 2230 2269 4440 4479
2535 2574 2230 2269 4480 4519
2535 2574 2230 2269 4520 4559
2535 2574 2230 2269 4560 4599
2535 2574 2230 2269 4600 4639
2535 2574 2230 2269 4640 4679
2535 2574 2230 2269 4680 4719
2535 2574 2230 2269 4720 4759
2535 2574 2230 2269 4760 4799
2535 2574 2230 2269 4800 4839
2535 2574 2230 2269 4840 4879
2535 2574 2230 2269 4880 4919
2535 2574 2230 2269 4920 4959
2535 2574 2230 2269 4960 4999
2535 2574 2230 2269 5000 5039
2535 2574 2270 2309 0 39
2535 2574 2270 2309 40 79
2535 2574 2270 2309 80 119
2535 2574 2270 2309 120 159
2535 2574 2270 2309 160 199
2535 2574 2270 2309 200 239
2535 2574 2270 2309 240 279
2535 2574 2270 2309 280 319
2535 2574 2270 2309 320 359
2535 2574 2270 2309 360 399
2535 2574 2270 2309 400 439
2535 2574 2270 2309 440 479
2535 2574 2270 2309 480 519
2535 2574 2270 2309 520 559
2535 2574 2270 2309 560 599
2535 2574 2270 2309 600 639
2535 2574 2270 2309 640 679
2535 2574 2270 2309 680 719
2535 2574 2270 2309 720 759
2535 2574 2270 2309 760 799
2535 2574 2270 2309 800 839
2535 2574 2270 2309 840 879
2535 2574 2270 2309 880 919
2535 2574 2270 2309 920 959
2535 2574 2270 2309 960 999
2535 2574 2270 2309 1000 1039
2535 2574 2270 2309 1040 1079
2535 2574 2270 2309 1080 1119
2535 2574 2270 2309 1120 1159
2535 2574 2270 2309 1160 1199
2535 2574 2270 2309 1200 1239
2535 2574 2270 2309 1240 1279
2535 2574 2270 2309 1280 1319
2535 2574 2270 2309 1320 1359
2535 2574 2270 2309 1360 1399
2535 2574 2270 2309 1400 1439
2535 2574 2270 2309 1440 1479
2535 2574 2270 2309 1480 1519
2535 2574 2270 2309 1520 1559
2535 2574 2270 2309 1560 1599
2535 2574 2270 2309 1600 1639
2535 2574 2270 2309 1640 1679
2535 2574 2270 2309 1680 1719
2535 2574 2270 2309 1720 1759
2535 2574 2270 2309 1760 1799
2535 2574 2270 2309 1800 1839
2535 2574 2270 2309 1840 1879
2535 2574 2270 2309 1880 1919
2535 2574 2270 2309 1920 1959
2535 2574 2270 2309 1960 1999
2535 2574 2270 2309 2000 2039
2535 2574 2270 2309 2040 2079
2535 2574 2270 2309 2080 2119
2535 2574 2270 2309 2120 2159
2535 2574 2270 2309 2160 2199
2535 2574 2270 2309 2200 2239
2535 2574 2270 2309 2240 2279
2535 2574 2270 2309 2280 2319
2535 2574 2270 2309 2320 2359
2535 2574 2270 2309 2360 2399
2535 2574 2270 2309 2400 2439
2535 2574 2270 2309 2440 2479
2535 2574 2270 2309 2480 2519
2535 2574 2270 2309 2520 2559
2535 2574 2270 2309 2560 2599
2535 2574 2270 2309 2600 2639
2535 2574 2270 2309 2640 2679
2535 2574 2270 2309 2680 2719
2535 2574 2270 2309 2720 2759
2535 2574 2270 2309 2760 2799
2535 2574 2270 2309 2800 2839
2535 2574 2270 2309 2840 2879
2535 2574 2270 2309 2880 2919
2535 2574 2270 2309 2920 2959
2535 2574 2270 2309 2960 2999
2535 2574 2270 2309 3000 3039
2535 2574 2270 2309 3040 3079
2535 2574 2270 2309 3080 3119
2535 2574 2270 2309 3120 3159
2535 2574 2270 2309 3160 3199
2535 2574 2270 2309 3200 3239
2535 2574 2270 2309 3240 3279
2535 2574 2270 2309 3280 3319
2535 2574 2270 2309 3320 3359
2535 2574 2270 2309 3360 3399
2535 2574 2270 2309 3400 3439
2535 2574 2270 2309 3440 3479
2535 2574 2270 2309 3480 3519
2535 2574 2270 2309 3520 3559
2535 2574 2270 2309 3560 3599
2535 2574 2270 2309 3600 3639
2535 2574 2270 2309 3640 3679
2535 2574 2270 2309 3680 3719
2535 2574 2270 2309 3720 3759
2535 2574 2270 2309 3760 3799
2535 2574 2270 2309 3800 3839
2535 2574 2270 2309 3840 3879
2535 2574 2270 2309 3880 3919
2535 2574 2270 2309 3920 3959
2535 2574 2270 2309 3960 3999
2535 2574 2270 2309 4000 4039
2535 2574 2270 2309 4040 4079
2535 2574 2270 2309 4080 4119
2535 2574 2270 2309 4120 4159
2535 2574 2270 2309 4160 4199
2535 2574 2270 2309 4200 4239
2535 2574 2270 2309 4240 4279
2535 2574 2270 2309 4280 4319
2535 2574 2270 2309 4320 4359
2535 2574 2270 2309 4360 4399
2535 2574 2270 2309 4400 4439
2535 2574 2270 2309 4440 4479
2535 2574 2270 2309 4480 4519
2535 2574 2270 2309 4520 4559
2535 2574 2270 2309 4560 4599
2535 2574 2270 2309 4600 4639
2535 2574 2270 2309 4640 4679
2535 2574 2270 2309 4680 4719
2535 2574 2270 2309 4720 4759
2535 2574 2270 2309 4760 4799
2535 2574 2270 2309 4800 4839
2535 2574 2270 2309 4840 4879
2535 2574 2270 2309 4880 4919
2535 2574 2270 2309 4920 4959
2535 2574 2270 2309 4960 4999
2535 2574 2270 2309 5000 5039
2535 2574 2310 2349 0 39
2535 2574 2310 2349 40 79
2535 2574 2310 2349 80 119
2535 2574 2310 2349 120 159
2535 2574 2310 2349 160 199
2535 2574 2310 2349 200 239
2535 2574 2310 2349 240 279
2535 2574 2310 2349 280 319
2535 2574 2310 2349 320 359
2535 2574 2310 2349 360 399
2535 2574 2310 2349 400 439
2535 2574 2310 2349 440 479
2535 2574 2310 2349 480 519
2535 2574 2310 2349 520 559
2535 2574 2310 2349 560 599
2535 2574 2310 2349 600 639
2535 2574 2310 2349 640 679
2535 2574 2310 2349 680 719
2535 2574 2310 2349 720 759
2535 2574 2310 2349 760 799
2535 2574 2310 2349 800 839
2535 2574 2310 2349 840 879
2535 2574 2310 2349 880 919
2535 2574 2310 2349 920 959
2535 2574 2310 2349 960 999
2535 2574 2310 2349 1000 1039
2535 2574 2310 2349 1040 1079
2535 2574 2310 2349 1080 1119
2535 2574 2310 2349 1120 1159
2535 2574 2310 2349 1160 1199
2535 2574 2310 2349 1200 1239
2535 2574 2310 2349 1240 1279
2535 2574 2310 2349 1280 1319
2535 2574 2310 2349 1320 1359
2535 2574 2310 2349 1360 1399
2535 2574 2310 2349 1400 1439
2535 2574 2310 2349 1440 1479
2535 2574 2310 2349 1480 1519
2535 2574 2310 2349 1520 1559
2535 2574 2310 2349 1560 1599
2535 2574 2310 2349 1600 1639
2535 2574 2310 2349 1640 1679
2535 2574 2310 2349 1680 1719
2535 2574 2310 2349 1720 1759
2535 2574 2310 2349 1760 1799
2535 2574 2310 2349 1800 1839
2535 2574 2310 2349 1840 1879
2535 2574 2310 2349 1880 1919
2535 2574 2310 2349 1920 1959
2535 2574 2310 2349 1960 1999
2535 2574 2310 2349 2000 2039
2535 2574 2310 2349 2040 2079
2535 2574 2310 2349 2080 2119
2535 2574 2310 2349 2120 2159
2535 2574 2310 2349 2160 2199
2535 2574 2310 2349 2200 2239
2535 2574 2310 2349 2240 2279
2535 2574 2310 2349 2280 2319
2535 2574 2310 2349 2320 2359
2535 2574 2310 2349 2360 2399
2535 2574 2310 2349 2400 2439
2535 2574 2310 2349 2440 2479
2535 2574 2310 2349 2480 2519
2535 2574 2310 2349 2520 2559
2535 2574 2310 2349 2560 2599
2535 2574 2310 2349 2600 2639
2535 2574 2310 2349 2640 2679
2535 2574 2310 2349 2680 2719
2535 2574 2310 2349 2720 2759
2535 2574 2310 2349 2760 2799
2535 2574 2310 2349 2800 2839
2535 2574 2310 2349 2840 2879
2535 2574 2310 2349 2880 2919
2535 2574 2310 2349 2920 2959
2535 2574 2310 2349 2960 2999
2535 2574 2310 2349 3000 3039
2535 2574 2310 2349 3040 3079
2535 2574 2310 2349 3080 3119
2535 2574 2310 2349 3120 3159
2535 2574 2310 2349 3160 3199
2535 2574 2310 2349 3200 3239
2535 2574 2310 2349 3240 3279
2535 2574 2310 2349 3280 3319
2535 2574 2310 2349 3320 3359
2535 2574 2310 2349 3360 3399
2535 2574 2310 2349 3400 3439
2535 2574 2310 2349 3440 3479
2535 2574 2310 2349 3480 3519
2535 2574 2310 2349 3520 3559
2535 2574 2310 2349 3560 3599
2535 2574 2310 2349 3600 3639
2535 2574 2310 2349 3640 3679
2535 2574 2310 2349 3680 3719
2535 2574 2310 2349 3720 3759
2535 2574 2310 2349 3760 3799
2535 2574 2310 2349 3800 3839
2535 2574 2310 2349 3840 3879
2535 2574 2310 2349 3880 3919
2535 2574 2310 2349 3920 3959
2535 2574 2310 2349 3960 3999
2535 2574 2310 2349 4000 4039
2535 2574 2310 2349 4040 4079
2535 2574 2310 2349 4080 4119
2535 2574 2310 2349 4120 4159
2535 2574 2310 2349 4160 4199
2535 2574 2310 2349 4200 4239
2535 2574 2310 2349 4240 4279
2535 2574 2310 2349 4280 4319
2535 2574 2310 2349 4320 4359
2535 2574 2310 2349 4360 4399
2535 2574 2310 2349 4400 4439
2535 2574 2310 2349 4440 4479
2535 2574 2310 2349 4480 4519
2535 2574 2310 2349 4520 4559
2535 2574 2310 2349 4560 4599
2535 2574 2310 2349 4600 4639
2535 2574 2310 2349 4640 4679
2535 2574 2310 2349 4680 4719
2535 2574 2310 2349 4720 4759
2535 2574 2310 2349 4760 4799
2535 2574 2310 2349 4800 4839
2535 2574 2310 2349 4840 4879
2535 2574 2310 2349 4880 4919
2535 2574 2310 2349 4920 4959
2535 2574 2310 2349 4960 4999
2535 2574 2310 2349 5000 5039
2535 2574 2350 2389 0 39
2535 2574 2350 2389 40 79
2535 2574 2350 2389 80 119
2535 2574 2350 2389 120 159
2535 2574 2350 2389 160 199
2535 2574 2350 2389 200 239
2535 2574 2350 2389 240 279
2535 2574 2350 2389 280 319
2535 2574 2350 2389 320 359
2535 2574 2350 2389 360 399
2535 2574 2350 2389 400 439
2535 2574 2350 2389 440 479
2535 2574 2350 2389 480 519
2535 2574 2350 2389 520 559
2535 2574 2350 2389 560 599
2535 2574 2350 2389 600 639
2535 2574 2350 2389 640 679
2535 2574 2350 2389 680 719
2535 2574 2350 2389 720 759
2535 2574 2350 2389 760 799
2535 2574 2350 2389 800 839
2535 2574 2350 2389 840 879
2535 2574 2350 2389 880 919
2535 2574 2350 2389 920 959
2535 2574 2350 2389 960 999
2535 2574 2350 2389 1000 1039
2535 2574 2350 2389 1040 1079
2535 2574 2350 2389 1080 1119
2535 2574 2350 2389 1120 1159
2535 2574 2350 2389 1160 1199
2535 2574 2350 2389 1200 1239
2535 2574 2350 2389 1240 1279
2535 2574 2350 2389 1280 1319
2535 2574 2350 2389 1320 1359
2535 2574 2350 2389 1360 1399
2535 2574 2350 2389 1400 1439
2535 2574 2350 2389 1440 1479
2535 2574 2350 2389 1480 1519
2535 2574 2350 2389 1520 1559
2535 2574 2350 2389 1560 1599
2535 2574 2350 2389 1600 1639
2535 2574 2350 2389 1640 1679
2535 2574 2350 2389 1680 1719
2535 2574 2350 2389 1720 1759
2535 2574 2350 2389 1760 1799
2535 2574 2350 2389 1800 1839
2535 2574 2350 2389 1840 1879
2535 2574 2350 2389 1880 1919
2535 2574 2350 2389 1920 1959
2535 2574 2350 2389 1960 1999
2535 2574 2350 2389 2000 2039
2535 2574 2350 2389 2040 2079
2535 2574 2350 2389 2080 2119
2535 2574 2350 2389 2120 2159
2535 2574 2350 2389 2160 2199
2535 2574 2350 2389 2200 2239
2535 2574 2350 2389 2240 2279
2535 2574 2350 2389 2280 2319
2535 2574 2350 2389 2320 2359
2535 2574 2350 2389 2360 2399
2535 2574 2350 2389 2400 2439
2535 2574 2350 2389 2440 2479
2535 2574 2350 2389 2480 2519
2535 2574 2350 2389 2520 2559
2535 2574 2350 2389 2560 2599
2535 2574 2350 2389 2600 2639
2535 2574 2350 2389 2640 2679
2535 2574 2350 2389 2680 2719
2535 2574 2350 2389 2720 2759
2535 2574 2350 2389 2760 2799
2535 2574 2350 2389 2800 2839
2535 2574 2350 2389 2840 2879
2535 2574 2350 2389 2880 2919
2535 2574 2350 2389 2920 2959
2535 2574 2350 2389 2960 2999
2535 2574 2350 2389 3000 3039
2535 2574 2350 2389 3040 3079
2535 2574 2350 2389 3080 3119
2535 2574 2350 2389 3120 3159
2535 2574 2350 2389 3160 3199
2535 2574 2350 2389 3200 3239
2535 2574 2350 2389 3240 3279
2535 2574 2350 2389 3280 3319
2535 2574 2350 2389 3320 3359
2535 2574 2350 2389 3360 3399
2535 2574 2350 2389 3400 3439
2535 2574 2350 2389 3440 3479
2535 2574 2350 2389 3480 3519
2535 2574 2350 2389 3520 3559
2535 2574 2350 2389 3560 3599
2535 2574 2350 2389 3600 3639
2535 2574 2350 2389 3640 3679
2535 2574 2350 2389 3680 3719
2535 2574 2350 2389 3720 3759
2535 2574 2350 2389 3760 3799
2535 2574 2350 2389 3800 3839
2535 2574 2350 2389 3840 3879
2535 2574 2350 2389 3880 3919
2535 2574 2350 2389 3920 3959
2535 2574 2350 2389 3960 3999
2535 2574 2350 2389 4000 4039
2535 2574 2350 2389 4040 4079
2535 2574 2350 2389 4080 4119
2535 2574 2350 2389 4120 4159
2535 2574 2350 2389 4160 4199
2535 2574 2350 2389 4200 4239
2535 2574 2350 2389 4240 4279
2535 2574 2350 2389 4280 4319
2535 2574 2350 2389 4320 4359
2535 2574 2350 2389 4360 4399
2535 2574 2350 2389 4400 4439
2535 2574 2350 2389 4440 4479
2535 2574 2350 2389 4480 4519
2535 2574 2350 2389 4520 4559
2535 2574 2350 2389 4560 4599
2535 2574 2350 2389 4600 4639
2535 2574 2350 2389 4640 4679
2535 2574 2350 2389 4680 4719
2535 2574 2350 2389 4720 4759
2535 2574 2350 2389 4760 4799
2535 2574 2350 2389 4800 4839
2535 2574 2350 2389 4840 4879
2535 2574 2350 2389 4880 4919
2535 2574 2350 2389 4920 4959
2535 2574 2350 2389 4960 4999
2535 2574 2350 2389 5000 5039
2575 2614 2230 2269 0 39
2575 2614 2230 2269 40 79
2575 2614 2230 2269 80 119
2575 2614 2230 2269 120 159
2575 2614 2230 2269 160 199
2575 2614 2230 2269 200 239
2575 2614 2230 2269 240 279
2575 2614 2230 2269 280 319
2575 2614 2230 2269 320 359
2575 2614 2230 2269 360 399
2575 2614 2230 2269 400 439
2575 2614 2230 2269 440 479
2575 2614 2230 2269 480 519
2575 2614 2230 2269 520 559
2575 2614 2230 2269 560 599
2575 2614 2230 2269 600 639
2575 2614 2230 2269 640 679
2575 2614 2230 2269 680 719
2575 2614 2230 2269 720 759
2575 2614 2230 2269 760 799
2575 2614 2230 2269 800 839
2575 2614 2230 2269 840 879
2575 2614 2230 2269 880 919
2575 2614 2230 2269 920 959
2575 2614 2230 2269 960 999
2575 2614 2230 2269 1000 1039
2575 2614 2230 2269 1040 1079
2575 2614 2230 2269 1080 1119
2575 2614 2230 2269 1120 1159
2575 2614 2230 2269 1160 1199
2575 2614 2230 2269 1200 1239
2575 2614 2230 2269 1240 1279
2575 2614 2230 2269 1280 1319
2575 2614 2230 2269 1320 1359
2575 2614 2230 2269 1360 1399
2575 2614 2230 2269 1400 1439
2575 2614 2230 2269 1440 1479
2575 2614 2230 2269 1480 1519
2575 2614 2230 2269 1520 1559
2575 2614 2230 2269 1560 1599
2575 2614 2230 2269 1600 1639
2575 2614 2230 2269 1640 1679
2575 2614 2230 2269 1680 1719
2575 2614 2230 2269 1720 1759
2575 2614 2230 2269 1760 1799
2575 2614 2230 2269 1800 1839
2575 2614 2230 2269 1840 1879
2575 2614 2230 2269 1880 1919
2575 2614 2230 2269 1920 1959
2575 2614 2230 2269 1960 1999
2575 2614 2230 2269 2000 2039
2575 2614 2230 2269 2040 2079
2575 2614 2230 2269 2080 2119
2575 2614 2230 2269 2120 2159
2575 2614 2230 2269 2160 2199
2575 2614 2230 2269 2200 2239
2575 2614 2230 2269 2240 2279
2575 2614 2230 2269 2280 2319
2575 2614 2230 2269 2320 2359
2575 2614 2230 2269 2360 2399
2575 2614 2230 2269 2400 2439
2575 2614 2230 2269 2440 2479
2575 2614 2230 2269 2480 2519
2575 2614 2230 2269 2520 2559
2575 2614 2230 2269 2560 2599
2575 2614 2230 2269 2600 2639
2575 2614 2230 2269 2640 2679
2575 2614 2230 2269 2680 2719
2575 2614 2230 2269 2720 2759
2575 2614 2230 2269 2760 2799
2575 2614 2230 2269 2800 2839
2575 2614 2230 2269 2840 2879
2575 2614 2230 2269 2880 2919
2575 2614 2230 2269 2920 2959
2575 2614 2230 2269 2960 2999
2575 2614 2230 2269 3000 3039
2575 2614 2230 2269 3040 3079
2575 2614 2230 2269 3080 3119
2575 2614 2230 2269 3120 3159
2575 2614 2230 2269 3160 3199
2575 2614 2230 2269 3200 3239
2575 2614 2230 2269 3240 3279
2575 2614 2230 2269 3280 3319
2575 2614 2230 2269 3320 3359
2575 2614 2230 2269 3360 3399
2575 2614 2230 2269 3400 3439
2575 2614 2230 2269 3440 3479
2575 2614 2230 2269 3480 3519
2575 2614 2230 2269 3520 3559
2575 2614 2230 2269 3560 3599
2575 2614 2230 2269 3600 3639
2575 2614 2230 2269 3640 3679
2575 2614 2230 2269 3680 3719
2575 2614 2230 2269 3720 3759
2575 2614 2230 2269 3760 3799
2575 2614 2230 2269 3800 3839
2575 2614 2230 2269 3840 3879
2575 2614 2230 2269 3880 3919
2575 2614 2230 2269 3920 3959
2575 2614 2230 2269 3960 3999
2575 2614 2230 2269 4000 4039
2575 2614 2230 2269 4040 4079
2575 2614 2230 2269 4080 4119
2575 2614 2230 2269 4120 4159
2575 2614 2230 2269 4160 4199
2575 2614 2230 2269 4200 4239
2575 2614 2230 2269 4240 4279
2575 2614 2230 2269 4280 4319
2575 2614 2230 2269 4320 4359
2575 2614 2230 2269 4360 4399
2575 2614 2230 2269 4400 4439
2575 2614 2230 2269 4440 4479
2575 2614 2230 2269 4480 4519
2575 2614 2230 2269 4520 4559
2575 2614 2230 2269 4560 4599
2575 2614 2230 2269 4600 4639
2575 2614 2230 2269 4640 4679
2575 2614 2230 2269 4680 4719
2575 2614 2230 2269 4720 4759
2575 2614 2230 2269 4760 4799
2575 2614 2230 2269 4800 4839
2575 2614 2230 2269 4840 4879
2575 2614 2230 2269 4880 4919
2575 2614 2230 2269 4920 4959
2575 2614 2230 2269 4960 4999
2575 2614 2230 2269 5000 5039
2575 2614 2270 2309 0 39
2575 2614 2270 2309 40 79
2575 2614 2270 2309 80 119
2575 2614 2270 2309 120 159
2575 2614 2270 2309 160 199
2575 2614 2270 2309 200 239
2575 2614 2270 2309 240 279
2575 2614 2270 2309 280 319
2575 2614 2270 2309 320 359
2575 2614 2270 2309 360 399
2575 2614 2270 2309 400 439
2575 2614 2270 2309 440 479
2575 2614 2270 2309 480 519
2575 2614 2270 2309 520 559
2575 2614 2270 2309 560 599
2575 2614 2270 2309 600 639
2575 2614 2270 2309 640 679
2575 2614 2270 2309 680 719
2575 2614 2270 2309 720 759
2575 2614 2270 2309 760 799
2575 2614 2270 2309 800 839
2575 2614 2270 2309 840 879
2575 2614 2270 2309 880 919
2575 2614 2270 2309 920 959
2575 2614 2270 2309 960 999
2575 2614 2270 2309 1000 1039
2575 2614 2270 2309 1040 1079
2575 2614 2270 2309 1080 1119
2575 2614 2270 2309 1120 1159
2575 2614 2270 2309 1160 1199
2575 2614 2270 2309 1200 1239
2575 2614 2270 2309 1240 1279
2575 2614 2270 2309 1280 1319
2575 2614 2270 2309 1320 1359
2575 2614 2270 2309 1360 1399
2575 2614 2270 2309 1400 1439
2575 2614 2270 2309 1440 1479
2575 2614 2270 2309 1480 1519
2575 2614 2270 2309 1520 1559
2575 2614 2270 2309 1560 1599
2575 2614 2270 2309 1600 1639
2575 2614 2270 2309 1640 1679
2575 2614 2270 2309 1680 1719
2575 2614 2270 2309 1720 1759
2575 2614 2270 2309 1760 1799
2575 2614 2270 2309 1800 1839
2575 2614 2270 2309 1840 1879
2575 2614 2270 2309 1880 1919
2575 2614 2270 2309 1920 1959
2575 2614 2270 2309 1960 1999
2575 2614 2270 2309 2000 2039
2575 2614 2270 2309 2040 2079
2575 2614 2270 2309 2080 2119
2575 2614 2270 2309 2120 2159
2575 2614 2270 2309 2160 2199
2575 2614 2270 2309 2200 2239
2575 2614 2270 2309 2240 2279
2575 2614 2270 2309 2280 2319
2575 2614 2270 2309 2320 2359
2575 2614 2270 2309 2360 2399
2575 2614 2270 2309 2400 2439
2575 2614 2270 2309 2440 2479
2575 2614 2270 2309 2480 2519
2575 2614 2270 2309 2520 2559
2575 2614 2270 2309 2560 2599
2575 2614 2270 2309 2600 2639
2575 2614 2270 2309 2640 2679
2575 2614 2270 2309 2680 2719
2575 2614 2270 2309 2720 2759
2575 2614 2270 2309 2760 2799
2575 2614 2270 2309 2800 2839
2575 2614 2270 2309 2840 2879
2575 2614 2270 2309 2880 2919
2575 2614 2270 2309 2920 2959
2575 2614 2270 2309 2960 2999
2575 2614 2270 2309 3000 3039
2575 2614 2270 2309 3040 3079
2575 2614 2270 2309 3080 3119
2575 2614 2270 2309 3120 3159
2575 2614 2270 2309 3160 3199
2575 2614 2270 2309 3200 3239
2575 2614 2270 2309 3240 3279
2575 2614 2270 2309 3280 3319
2575 2614 2270 2309 3320 3359
2575 2614 2270 2309 3360 3399
2575 2614 2270 2309 3400 3439
2575 2614 2270 2309 3440 3479
2575 2614 2270 2309 3480 3519
2575 2614 2270 2309 3520 3559
2575 2614 2270 2309 3560 3599
2575 2614 2270 2309 3600 3639
2575 2614 2270 2309 3640 3679
2575 2614 2270 2309 3680 3719
2575 2614 2270 2309 3720 3759
2575 2614 2270 2309 3760 3799
2575 2614 2270 2309 3800 3839
2575 2614 2270 2309 3840 3879
2575 2614 2270 2309 3880 3919
2575 2614 2270 2309 3920 3959
2575 2614 2270 2309 3960 3999
2575 2614 2270 2309 4000 4039
2575 2614 2270 2309 4040 4079
2575 2614 2270 2309 4080 4119
2575 2614 2270 2309 4120 4159
2575 2614 2270 2309 4160 4199
2575 2614 2270 2309 4200 4239
2575 2614 2270 2309 4240 4279
2575 2614 2270 2309 4280 4319
2575 2614 2270 2309 4320 4359
2575 2614 2270 2309 4360 4399
2575 2614 2270 2309 4400 4439
2575 2614 2270 2309 4440 4479
2575 2614 2270 2309 4480 4519
2575 2614 2270 2309 4520 4559
2575 2614 2270 2309 4560 4599
2575 2614 2270 2309 4600 4639
2575 2614 2270 2309 4640 4679
2575 2614 2270 2309 4680 4719
2575 2614 2270 2309 4720 4759
2575 2614 2270 2309 4760 4799
2575 2614 2270 2309 4800 4839
2575 2614 2270 2309 4840 4879
2575 2614 2270 2309 4880 4919
2575 2614 2270 2309 4920 4959
2575 2614 2270 2309 4960 4999
2575 2614 2270 2309 5000 5039
2575 2614 2310 2349 0 39
2575 2614 2310 2349 40 79
2575 2614 2310 2349 80 119
2575 2614 2310 2349 120 159
2575 2614 2310 2349 160 199
2575 2614 2310 2349 200 239
2575 2614 2310 2349 240 279
2575 2614 2310 2349 280 319
2575 2614 2310 2349 320 359
2575 2614 2310 2349 360 399
2575 2614 2310 2349 400 439
2575 2614 2310 2349 440 479
2575 2614 2310 2349 480 519
2575 2614 2310 2349 520 559
2575 2614 2310 2349 560 599
2575 2614 2310 2349 600 639
2575 2614 2310 2349 640 679
2575 2614 2310 2349 680 719
2575 2614 2310 2349 720 759
2575 2614 2310 2349 760 799
2575 2614 2310 2349 800 839
2575 2614 2310 2349 840 879
2575 2614 2310 2349 880 919
2575 2614 2310 2349 920 959
2575 2614 2310 2349 960 999
2575 2614 2310 2349 1000 1039
2575 2614 2310 2349 1040 1079
2575 2614 2310 2349 1080 1119
2575 2614 2310 2349 1120 1159
2575 2614 2310 2349 1160 1199
2575 2614 2310 2349 1200 1239
2575 2614 2310 2349 1240 1279
2575 2614 2310 2349 1280 1319
2575 2614 2310 2349 1320 1359
2575 2614 2310 2349 1360 1399
2575 2614 2310 2349 1400 1439
2575 2614 2310 2349 1440 1479
2575 2614 2310 2349 1480 1519
2575 2614 2310 2349 1520 1559
2575 2614 2310 2349 1560 1599
2575 2614 2310 2349 1600 1639
2575 2614 2310 2349 1640 1679
2575 2614 2310 2349 1680 1719
2575 2614 2310 2349 1720 1759
2575 2614 2310 2349 1760 1799
2575 2614 2310 2349 1800 1839
2575 2614 2310 2349 1840 1879
2575 2614 2310 2349 1880 1919
2575 2614 2310 2349 1920 1959
2575 2614 2310 2349 1960 1999
2575 2614 2310 2349 2000 2039
2575 2614 2310 2349 2040 2079
2575 2614 2310 2349 2080 2119
2575 2614 2310 2349 2120 2159
2575 2614 2310 2349 2160 2199
2575 2614 2310 2349 2200 2239
2575 2614 2310 2349 2240 2279
2575 2614 2310 2349 2280 2319
2575 2614 2310 2349 2320 2359
2575 2614 2310 2349 2360 2399
2575 2614 2310 2349 2400 2439
2575 2614 2310 2349 2440 2479
2575 2614 2310 2349 2480 2519
2575 2614 2310 2349 2520 2559
2575 2614 2310 2349 2560 2599
2575 2614 2310 2349 2600 2639
2575 2614 2310 2349 2640 2679
2575 2614 2310 2349 2680 2719
2575 2614 2310 2349 2720 2759
2575 2614 2310 2349 2760 2799
2575 2614 2310 2349 2800 2839
2575 2614 2310 2349 2840 2879
2575 2614 2310 2349 2880 2919
2575 2614 2310 2349 2920 2959
2575 2614 2310 2349 2960 2999
2575 2614 2310 2349 3000 3039
2575 2614 2310 2349 3040 3079
2575 2614 2310 2349 3080 3119
2575 2614 2310 2349 3120 3159
2575 2614 2310 2349 3160 3199
2575 2614 2310 2349 3200 3239
2575 2614 2310 2349 3240 3279
2575 2614 2310 2349 3280 3319
2575 2614 2310 2349 3320 3359
2575 2614 2310 2349 3360 3399
2575 2614 2310 2349 3400 3439
2575 2614 2310 2349 3440 3479
2575 2614 2310 2349 3480 3519
2575 2614 2310 2349 3520 3559
2575 2614 2310 2349 3560 3599
2575 2614 2310 2349 3600 3639
2575 2614 2310 2349 3640 3679
2575 2614 2310 2349 3680 3719
2575 2614 2310 2349 3720 3759
2575 2614 2310 2349 3760 3799
2575 2614 2310 2349 3800 3839
2575 2614 2310 2349 3840 3879
2575 2614 2310 2349 3880 3919
2575 2614 2310 2349 3920 3959
2575 2614 2310 2349 3960 3999
2575 2614 2310 2349 4000 4039
2575 2614 2310 2349 4040 4079
2575 2614 2310 2349 4080 4119
2575 2614 2310 2349 4120 4159
2575 2614 2310 2349 4160 4199
2575 2614 2310 2349 4200 4239
2575 2614 2310 2349 4240 4279
2575 2614 2310 2349 4280 4319
2575 2614 2310 2349 4320 4359
2575 2614 2310 2349 4360 4399
2575 2614 2310 2349 4400 4439
2575 2614 2310 2349 4440 4479
2575 2614 2310 2349 4480 4519
2575 2614 2310 2349 4520 4559
2575 2614 2310 2349 4560 4599
2575 2614 2310 2349 4600 4639
2575 2614 2310 2349 4640 4679
2575 2614 2310 2349 4680 4719
2575 2614 2310 2349 4720 4759
2575 2614 2310 2349 4760 4799
2575 2614 2310 2349 4800 4839
2575 2614 2310 2349 4840 4879
2575 2614 2310 2349 4880 4919
2575 2614 2310 2349 4920 4959
2575 2614 2310 2349 4960 4999
2575 2614 2310 2349 5000 5039
2575 2614 2350 2389 0 39
2575 2614 2350 2389 40 79
2575 2614 2350 2389 80 119
2575 2614 2350 2389 120 159
2575 2614 2350 2389 160 199
2575 2614 2350 2389 200 239
2575 2614 2350 2389 240 279
2575 2614 2350 2389 280 319
2575 2614 2350 2389 320 359
2575 2614 2350 2389 360 399
2575 2614 2350 2389 400 439
2575 2614 2350 2389 440 479
2575 2614 2350 2389 480 519
2575 2614 2350 2389 520 559
2575 2614 2350 2389 560 599
2575 2614 2350 2389 600 639
2575 2614 2350 2389 640 679
2575 2614 2350 2389 680 719
2575 2614 2350 2389 720 759
2575 2614 2350 2389 760 799
2575 2614 2350 2389 800 839
2575 2614 2350 2389 840 879
2575 2614 2350 2389 880 919
2575 2614 2350 2389 920 959
2575 2614 2350 2389 960 999
2575 2614 2350 2389 1000 1039
2575 2614 2350 2389 1040 1079
2575 2614 2350 2389 1080 1119
2575 2614 2350 2389 1120 1159
2575 2614 2350 2389 1160 1199
2575 2614 2350 2389 1200 1239
2575 2614 2350 2389 1240 1279
2575 2614 2350 2389 1280 1319
2575 2614 2350 2389 1320 1359
2575 2614 2350 2389 1360 1399
2575 2614 2350 2389 1400 1439
2575 2614 2350 2389 1440 1479
2575 2614 2350 2389 1480 1519
2575 2614 2350 2389 1520 1559
2575 2614 2350 2389 1560 1599
2575 2614 2350 2389 1600 1639
2575 2614 2350 2389 1640 1679
2575 2614 2350 2389 1680 1719
2575 2614 2350 2389 1720 1759
2575 2614 2350 2389 1760 1799
2575 2614 2350 2389 1800 1839
2575 2614 2350 2389 1840 1879
2575 2614 2350 2389 1880 1919
2575 2614 2350 2389 1920 1959
2575 2614 2350 2389 1960 1999
2575 2614 2350 2389 2000 2039
2575 2614 2350 2389 2040 2079
2575 2614 2350 2389 2080 2119
2575 2614 2350 2389 2120 2159
2575 2614 2350 2389 2160 2199
2575 2614 2350 2389 2200 2239
2575 2614 2350 2389 2240 2279
2575 2614 2350 2389 2280 2319
2575 2614 2350 2389 2320 2359
2575 2614 2350 2389 2360 2399
2575 2614 2350 2389 2400 2439
2575 2614 2350 2389 2440 2479
2575 2614 2350 2389 2480 2519
2575 2614 2350 2389 2520 2559
2575 2614 2350 2389 2560 2599
2575 2614 2350 2389 2600 2639
2575 2614 2350 2389 2640 2679
2575 2614 2350 2389 2680 2719
2575 2614 2350 2389 2720 2759
2575 2614 2350 2389 2760 2799
2575 2614 2350 2389 2800 2839
2575 2614 2350 2389 2840 2879
2575 2614 2350 2389 2880 2919
2575 2614 2350 2389 2920 2959
2575 2614 2350 2389 2960 2999
2575 2614 2350 2389 3000 3039
2575 2614 2350 2389 3040 3079
2575 2614 2350 2389 3080 3119
2575 2614 2350 2389 3120 3159
2575 2614 2350 2389 3160 3199
2575 2614 2350 2389 3200 3239
2575 2614 2350 2389 3240 3279
2575 2614 2350 2389 3280 3319
2575 2614 2350 2389 3320 3359
2575 2614 2350 2389 3360 3399
2575 2614 2350 2389 3400 3439
2575 2614 2350 2389 3440 3479
2575 2614 2350 2389 3480 3519
2575 2614 2350 2389 3520 3559
2575 2614 2350 2389 3560 3599
2575 2614 2350 2389 3600 3639
2575 2614 2350 2389 3640 3679
2575 2614 2350 2389 3680 3719
2575 2614 2350 2389 3720 3759
2575 2614 2350 2389 3760 3799
2575 2614 2350 2389 3800 3839
2575 2614 2350 2389 3840 3879
2575 2614 2350 2389 3880 3919
2575 2614 2350 2389 3920 3959
2575 2614 2350 2389 3960 3999
2575 2614 2350 2389 4000 4039
2575 2614 2350 2389 4040 4079
2575 2614 2350 2389 4080 4119
2575 2614 2350 2389 4120 4159
2575 2614 2350 2389 4160 4199
2575 2614 2350 2389 4200 4239
2575 2614 2350 2389 4240 4279
2575 2614 2350 2389 4280 4319
2575 2614 2350 2389 4320 4359
2575 2614 2350 2389 4360 4399
2575 2614 2350 2389 4400 4439
2575 2614 2350 2389 4440 4479
2575 2614 2350 2389 4480 4519
2575 2614 2350 2389 4520 4559
2575 2614 2350 2389 4560 4599
2575 2614 2350 2389 4600 4639
2575 2614 2350 2389 4640 4679
2575 2614 2350 2389 4680 4719
2575 2614 2350 2389 4720 4759
2575 2614 2350 2389 4760 4799
2575 2614 2350 2389 4800 4839
2575 2614 2350 2389 4840 4879
2575 2614 2350 2389 4880 4919
2575 2614 2350 2389 4920 4959
2575 2614 2350 2389 4960 4999
2575 2614 2350 2389 5000 5039
2615 2654 2230 2269 0 39
2615 2654 2230 2269 40 79
2615 2654 2230 2269 80 119
2615 2654 2230 2269 120 159
2615 2654 2230 2269 160 199
2615 2654 2230 2269 200 239
2615 2654 2230 2269 240 279
2615 2654 2230 2269 280 319
2615 2654 2230 2269 320 359
2615 2654 2230 2269 360 399
2615 2654 2230 2269 400 439
2615 2654 2230 2269 440 479
2615 2654 2230 2269 480 519
2615 2654 2230 2269 520 559
2615 2654 2230 2269 560 599
2615 2654 2230 2269 600 639
2615 2654 2230 2269 640 679
2615 2654 2230 2269 680 719
2615 2654 2230 2269 720 759
2615 2654 2230 2269 760 799
2615 2654 2230 2269 800 839
2615 2654 2230 2269 840 879
2615 2654 2230 2269 880 919
2615 2654 2230 2269 920 959
2615 2654 2230 2269 960 999
2615 2654 2230 2269 1000 1039
2615 2654 2230 2269 1040 1079
2615 2654 2230 2269 1080 1119
2615 2654 2230 2269 1120 1159
2615 2654 2230 2269 1160 1199
2615 2654 2230 2269 1200 1239
2615 2654 2230 2269 1240 1279
2615 2654 2230 2269 1280 1319
2615 2654 2230 2269 1320 1359
2615 2654 2230 2269 1360 1399
2615 2654 2230 2269 1400 1439
2615 2654 2230 2269 1440 1479
2615 2654 2230 2269 1480 1519
2615 2654 2230 2269 1520 1559
2615 2654 2230 2269 1560 1599
2615 2654 2230 2269 1600 1639
2615 2654 2230 2269 1640 1679
2615 2654 2230 2269 1680 1719
2615 2654 2230 2269 1720 1759
2615 2654 2230 2269 1760 1799
2615 2654 2230 2269 1800 1839
2615 2654 2230 2269 1840 1879
2615 2654 2230 2269 1880 1919
2615 2654 2230 2269 1920 1959
2615 2654 2230 2269 1960 1999
2615 2654 2230 2269 2000 2039
2615 2654 2230 2269 2040 2079
2615 2654 2230 2269 2080 2119
2615 2654 2230 2269 2120 2159
2615 2654 2230 2269 2160 2199
2615 2654 2230 2269 2200 2239
2615 2654 2230 2269 2240 2279
2615 2654 2230 2269 2280 2319
2615 2654 2230 2269 2320 2359
2615 2654 2230 2269 2360 2399
2615 2654 2230 2269 2400 2439
2615 2654 2230 2269 2440 2479
2615 2654 2230 2269 2480 2519
2615 2654 2230 2269 2520 2559
2615 2654 2230 2269 2560 2599
2615 2654 2230 2269 2600 2639
2615 2654 2230 2269 2640 2679
2615 2654 2230 2269 2680 2719
2615 2654 2230 2269 2720 2759
2615 2654 2230 2269 2760 2799
2615 2654 2230 2269 2800 2839
2615 2654 2230 2269 2840 2879
2615 2654 2230 2269 2880 2919
2615 2654 2230 2269 2920 2959
2615 2654 2230 2269 2960 2999
2615 2654 2230 2269 3000 3039
2615 2654 2230 2269 3040 3079
2615 2654 2230 2269 3080 3119
2615 2654 2230 2269 3120 3159
2615 2654 2230 2269 3160 3199
2615 2654 2230 2269 3200 3239
2615 2654 2230 2269 3240 3279
2615 2654 2230 2269 3280 3319
2615 2654 2230 2269 3320 3359
2615 2654 2230 2269 3360 3399
2615 2654 2230 2269 3400 3439
2615 2654 2230 2269 3440 3479
2615 2654 2230 2269 3480 3519
2615 2654 2230 2269 3520 3559
2615 2654 2230 2269 3560 3599
2615 2654 2230 2269 3600 3639
2615 2654 2230 2269 3640 3679
2615 2654 2230 2269 3680 3719
2615 2654 2230 2269 3720 3759
2615 2654 2230 2269 3760 3799
2615 2654 2230 2269 3800 3839
2615 2654 2230 2269 3840 3879
2615 2654 2230 2269 3880 3919
2615 2654 2230 2269 3920 3959
2615 2654 2230 2269 3960 3999
2615 2654 2230 2269 4000 4039
2615 2654 2230 2269 4040 4079
2615 2654 2230 2269 4080 4119
2615 2654 2230 2269 4120 4159
2615 2654 2230 2269 4160 4199
2615 2654 2230 2269 4200 4239
2615 2654 2230 2269 4240 4279
2615 2654 2230 2269 4280 4319
2615 2654 2230 2269 4320 4359
2615 2654 2230 2269 4360 4399
2615 2654 2230 2269 4400 4439
2615 2654 2230 2269 4440 4479
2615 2654 2230 2269 4480 4519
2615 2654 2230 2269 4520 4559
2615 2654 2230 2269 4560 4599
2615 2654 2230 2269 4600 4639
2615 2654 2230 2269 4640 4679
2615 2654 2230 2269 4680 4719
2615 2654 2230 2269 4720 4759
2615 2654 2230 2269 4760 4799
2615 2654 2230 2269 4800 4839
2615 2654 2230 2269 4840 4879
2615 2654 2230 2269 4880 4919
2615 2654 2230 2269 4920 4959
2615 2654 2230 2269 4960 4999
2615 2654 2230 2269 5000 5039
2615 2654 2270 2309 0 39
2615 2654 2270 2309 40 79
2615 2654 2270 2309 80 119
2615 2654 2270 2309 120 159
2615 2654 2270 2309 160 199
2615 2654 2270 2309 200 239
2615 2654 2270 2309 240 279
2615 2654 2270 2309 280 319
2615 2654 2270 2309 320 359
2615 2654 2270 2309 360 399
2615 2654 2270 2309 400 439
2615 2654 2270 2309 440 479
2615 2654 2270 2309 480 519
2615 2654 2270 2309 520 559
2615 2654 2270 2309 560 599
2615 2654 2270 2309 600 639
2615 2654 2270 2309 640 679
2615 2654 2270 2309 680 719
2615 2654 2270 2309 720 759
2615 2654 2270 2309 760 799
2615 2654 2270 2309 800 839
2615 2654 2270 2309 840 879
2615 2654 2270 2309 880 919
2615 2654 2270 2309 920 959
2615 2654 2270 2309 960 999
2615 2654 2270 2309 1000 1039
2615 2654 2270 2309 1040 1079
2615 2654 2270 2309 1080 1119
2615 2654 2270 2309 1120 1159
2615 2654 2270 2309 1160 1199
2615 2654 2270 2309 1200 1239
2615 2654 2270 2309 1240 1279
2615 2654 2270 2309 1280 1319
2615 2654 2270 2309 1320 1359
2615 2654 2270 2309 1360 1399
2615 2654 2270 2309 1400 1439
2615 2654 2270 2309 1440 1479
2615 2654 2270 2309 1480 1519
2615 2654 2270 2309 1520 1559
2615 2654 2270 2309 1560 1599
2615 2654 2270 2309 1600 1639
2615 2654 2270 2309 1640 1679
2615 2654 2270 2309 1680 1719
2615 2654 2270 2309 1720 1759
2615 2654 2270 2309 1760 1799
2615 2654 2270 2309 1800 1839
2615 2654 2270 2309 1840 1879
2615 2654 2270 2309 1880 1919
2615 2654 2270 2309 1920 1959
2615 2654 2270 2309 1960 1999
2615 2654 2270 2309 2000 2039
2615 2654 2270 2309 2040 2079
2615 2654 2270 2309 2080 2119
2615 2654 2270 2309 2120 2159
2615 2654 2270 2309 2160 2199
2615 2654 2270 2309 2200 2239
2615 2654 2270 2309 2240 2279
2615 2654 2270 2309 2280 2319
2615 2654 2270 2309 2320 2359
2615 2654 2270 2309 2360 2399
2615 2654 2270 2309 2400 2439
2615 2654 2270 2309 2440 2479
2615 2654 2270 2309 2480 2519
2615 2654 2270 2309 2520 2559
2615 2654 2270 2309 2560 2599
2615 2654 2270 2309 2600 2639
2615 2654 2270 2309 2640 2679
2615 2654 2270 2309 2680 2719
2615 2654 2270 2309 2720 2759
2615 2654 2270 2309 2760 2799
2615 2654 2270 2309 2800 2839
2615 2654 2270 2309 2840 2879
2615 2654 2270 2309 2880 2919
2615 2654 2270 2309 2920 2959
2615 2654 2270 2309 2960 2999
2615 2654 2270 2309 3000 3039
2615 2654 2270 2309 3040 3079
2615 2654 2270 2309 3080 3119
2615 2654 2270 2309 3120 3159
2615 2654 2270 2309 3160 3199
2615 2654 2270 2309 3200 3239
2615 2654 2270 2309 3240 3279
2615 2654 2270 2309 3280 3319
2615 2654 2270 2309 3320 3359
2615 2654 2270 2309 3360 3399
2615 2654 2270 2309 3400 3439
2615 2654 2270 2309 3440 3479
2615 2654 2270 2309 3480 3519
2615 2654 2270 2309 3520 3559
2615 2654 2270 2309 3560 3599
2615 2654 2270 2309 3600 3639
2615 2654 2270 2309 3640 3679
2615 2654 2270 2309 3680 3719
2615 2654 2270 2309 3720 3759
2615 2654 2270 2309 3760 3799
2615 2654 2270 2309 3800 3839
2615 2654 2270 2309 3840 3879
2615 2654 2270 2309 3880 3919
2615 2654 2270 2309 3920 3959
2615 2654 2270 2309 3960 3999
2615 2654 2270 2309 4000 4039
2615 2654 2270 2309 4040 4079
2615 2654 2270 2309 4080 4119
2615 2654 2270 2309 4120 4159
2615 2654 2270 2309 4160 4199
2615 2654 2270 2309 4200 4239
2615 2654 2270 2309 4240 4279
2615 2654 2270 2309 4280 4319
2615 2654 2270 2309 4320 4359
2615 2654 2270 2309 4360 4399
2615 2654 2270 2309 4400 4439
2615 2654 2270 2309 4440 4479
2615 2654 2270 2309 4480 4519
2615 2654 2270 2309 4520 4559
2615 2654 2270 2309 4560 4599
2615 2654 2270 2309 4600 4639
2615 2654 2270 2309 4640 4679
2615 2654 2270 2309 4680 4719
2615 2654 2270 2309 4720 4759
2615 2654 2270 2309 4760 4799
2615 2654 2270 2309 4800 4839
2615 2654 2270 2309 4840 4879
2615 2654 2270 2309 4880 4919
2615 2654 2270 2309 4920 4959
2615 2654 2270 2309 4960 4999
2615 2654 2270 2309 5000 5039
2615 2654 2310 2349 0 39
2615 2654 2310 2349 40 79
2615 2654 2310 2349 80 119
2615 2654 2310 2349 120 159
2615 2654 2310 2349 160 199
2615 2654 2310 2349 200 239
2615 2654 2310 2349 240 279
2615 2654 2310 2349 280 319
2615 2654 2310 2349 320 359
2615 2654 2310 2349 360 399
2615 2654 2310 2349 400 439
2615 2654 2310 2349 440 479
2615 2654 2310 2349 480 519
2615 2654 2310 2349 520 559
2615 2654 2310 2349 560 599
2615 2654 2310 2349 600 639
2615 2654 2310 2349 640 679
2615 2654 2310 2349 680 719
2615 2654 2310 2349 720 759
2615 2654 2310 2349 760 799
2615 2654 2310 2349 800 839
2615 2654 2310 2349 840 879
2615 2654 2310 2349 880 919
2615 2654 2310 2349 920 959
2615 2654 2310 2349 960 999
2615 2654 2310 2349 1000 1039
2615 2654 2310 2349 1040 1079
2615 2654 2310 2349 1080 1119
2615 2654 2310 2349 1120 1159
2615 2654 2310 2349 1160 1199
2615 2654 2310 2349 1200 1239
2615 2654 2310 2349 1240 1279
2615 2654 2310 2349 1280 1319
2615 2654 2310 2349 1320 1359
2615 2654 2310 2349 1360 1399
2615 2654 2310 2349 1400 1439
2615 2654 2310 2349 1440 1479
2615 2654 2310 2349 1480 1519
2615 2654 2310 2349 1520 1559
2615 2654 2310 2349 1560 1599
2615 2654 2310 2349 1600 1639
2615 2654 2310 2349 1640 1679
2615 2654 2310 2349 1680 1719
2615 2654 2310 2349 1720 1759
2615 2654 2310 2349 1760 1799
2615 2654 2310 2349 1800 1839
2615 2654 2310 2349 1840 1879
2615 2654 2310 2349 1880 1919
2615 2654 2310 2349 1920 1959
2615 2654 2310 2349 1960 1999
2615 2654 2310 2349 2000 2039
2615 2654 2310 2349 2040 2079
2615 2654 2310 2349 2080 2119
2615 2654 2310 2349 2120 2159
2615 2654 2310 2349 2160 2199
2615 2654 2310 2349 2200 2239
2615 2654 2310 2349 2240 2279
2615 2654 2310 2349 2280 2319
2615 2654 2310 2349 2320 2359
2615 2654 2310 2349 2360 2399
2615 2654 2310 2349 2400 2439
2615 2654 2310 2349 2440 2479
2615 2654 2310 2349 2480 2519
2615 2654 2310 2349 2520 2559
2615 2654 2310 2349 2560 2599
2615 2654 2310 2349 2600 2639
2615 2654 2310 2349 2640 2679
2615 2654 2310 2349 2680 2719
2615 2654 2310 2349 2720 2759
2615 2654 2310 2349 2760 2799
2615 2654 2310 2349 2800 2839
2615 2654 2310 2349 2840 2879
2615 2654 2310 2349 2880 2919
2615 2654 2310 2349 2920 2959
2615 2654 2310 2349 2960 2999
2615 2654 2310 2349 3000 3039
2615 2654 2310 2349 3040 3079
2615 2654 2310 2349 3080 3119
2615 2654 2310 2349 3120 3159
2615 2654 2310 2349 3160 3199
2615 2654 2310 2349 3200 3239
2615 2654 2310 2349 3240 3279
2615 2654 2310 2349 3280 3319
2615 2654 2310 2349 3320 3359
2615 2654 2310 2349 3360 3399
2615 2654 2310 2349 3400 3439
2615 2654 2310 2349 3440 3479
2615 2654 2310 2349 3480 3519
2615 2654 2310 2349 3520 3559
2615 2654 2310 2349 3560 3599
2615 2654 2310 2349 3600 3639
2615 2654 2310 2349 3640 3679
2615 2654 2310 2349 3680 3719
2615 2654 2310 2349 3720 3759
2615 2654 2310 2349 3760 3799
2615 2654 2310 2349 3800 3839
2615 2654 2310 2349 3840 3879
2615 2654 2310 2349 3880 3919
2615 2654 2310 2349 3920 3959
2615 2654 2310 2349 3960 3999
2615 2654 2310 2349 4000 4039
2615 2654 2310 2349 4040 4079
2615 2654 2310 2349 4080 4119
2615 2654 2310 2349 4120 4159
2615 2654 2310 2349 4160 4199
2615 2654 2310 2349 4200 4239
2615 2654 2310 2349 4240 4279
2615 2654 2310 2349 4280 4319
2615 2654 2310 2349 4320 4359
2615 2654 2310 2349 4360 4399
2615 2654 2310 2349 4400 4439
2615 2654 2310 2349 4440 4479
2615 2654 2310 2349 4480 4519
2615 2654 2310 2349 4520 4559
2615 2654 2310 2349 4560 4599
2615 2654 2310 2349 4600 4639
2615 2654 2310 2349 4640 4679
2615 2654 2310 2349 4680 4719
2615 2654 2310 2349 4720 4759
2615 2654 2310 2349 4760 4799
2615 2654 2310 2349 4800 4839
2615 2654 2310 2349 4840 4879
2615 2654 2310 2349 4880 4919
2615 2654 2310 2349 4920 4959
2615 2654 2310 2349 4960 4999
2615 2654 2310 2349 5000 5039
2615 2654 2350 2389 0 39
2615 2654 2350 2389 40 79
2615 2654 2350 2389 80 119
2615 2654 2350 2389 120 159
2615 2654 2350 2389 160 199
2615 2654 2350 2389 200 239
2615 2654 2350 2389 240 279
2615 2654 2350 2389 280 319
2615 2654 2350 2389 320 359
2615 2654 2350 2389 360 399
2615 2654 2350 2389 400 439
2615 2654 2350 2389 440 479
2615 2654 2350 2389 480 519
2615 2654 2350 2389 520 559
2615 2654 2350 2389 560 599
2615 2654 2350 2389 600 639
2615 2654 2350 2389 640 679
2615 2654 2350 2389 680 719
2615 2654 2350 2389 720 759
2615 2654 2350 2389 760 799
2615 2654 2350 2389 800 839
2615 2654 2350 2389 840 879
2615 2654 2350 2389 880 919
2615 2654 2350 2389 920 959
2615 2654 2350 2389 960 999
2615 2654 2350 2389 1000 1039
2615 2654 2350 2389 1040 1079
2615 2654 2350 2389 1080 1119
2615 2654 2350 2389 1120 1159
2615 2654 2350 2389 1160 1199
2615 2654 2350 2389 1200 1239
2615 2654 2350 2389 1240 1279
2615 2654 2350 2389 1280 1319
2615 2654 2350 2389 1320 1359
2615 2654 2350 2389 1360 1399
2615 2654 2350 2389 1400 1439
2615 2654 2350 2389 1440 1479
2615 2654 2350 2389 1480 1519
2615 2654 2350 2389 1520 1559
2615 2654 2350 2389 1560 1599
2615 2654 2350 2389 1600 1639
2615 2654 2350 2389 1640 1679
2615 2654 2350 2389 1680 1719
2615 2654 2350 2389 1720 1759
2615 2654 2350 2389 1760 1799
2615 2654 2350 2389 1800 1839
2615 2654 2350 2389 1840 1879
2615 2654 2350 2389 1880 1919
2615 2654 2350 2389 1920 1959
2615 2654 2350 2389 1960 1999
2615 2654 2350 2389 2000 2039
2615 2654 2350 2389 2040 2079
2615 2654 2350 2389 2080 2119
2615 2654 2350 2389 2120 2159
2615 2654 2350 2389 2160 2199
2615 2654 2350 2389 2200 2239
2615 2654 2350 2389 2240 2279
2615 2654 2350 2389 2280 2319
2615 2654 2350 2389 2320 2359
2615 2654 2350 2389 2360 2399
2615 2654 2350 2389 2400 2439
2615 2654 2350 2389 2440 2479
2615 2654 2350 2389 2480 2519
2615 2654 2350 2389 2520 2559
2615 2654 2350 2389 2560 2599
2615 2654 2350 2389 2600 2639
2615 2654 2350 2389 2640 2679
2615 2654 2350 2389 2680 2719
2615 2654 2350 2389 2720 2759
2615 2654 2350 2389 2760 2799
2615 2654 2350 2389 2800 2839
2615 2654 2350 2389 2840 2879
2615 2654 2350 2389 2880 2919
2615 2654 2350 2389 2920 2959
2615 2654 2350 2389 2960 2999
2615 2654 2350 2389 3000 3039
2615 2654 2350 2389 3040 3079
2615 2654 2350 2389 3080 3119
2615 2654 2350 2389 3120 3159
2615 2654 2350 2389 3160 3199
2615 2654 2350 2389 3200 3239
2615 2654 2350 2389 3240 3279
2615 2654 2350 2389 3280 3319
2615 2654 2350 2389 3320 3359
2615 2654 2350 2389 3360 3399
2615 2654 2350 2389 3400 3439
2615 2654 2350 2389 3440 3479
2615 2654 2350 2389 3480 3519
2615 2654 2350 2389 3520 3559
2615 2654 2350 2389 3560 3599
2615 2654 2350 2389 3600 3639
2615 2654 2350 2389 3640 3679
2615 2654 2350 2389 3680 3719
2615 2654 2350 2389 3720 3759
2615 2654 2350 2389 3760 3799
2615 2654 2350 2389 3800 3839
2615 2654 2350 2389 3840 3879
2615 2654 2350 2389 3880 3919
2615 2654 2350 2389 3920 3959
2615 2654 2350 2389 3960 3999
2615 2654 2350 2389 4000 4039
2615 2654 2350 2389 4040 4079
2615 2654 2350 2389 4080 4119
2615 2654 2350 2389 4120 4159
2615 2654 2350 2389 4160 4199
2615 2654 2350 2389 4200 4239
2615 2654 2350 2389 4240 4279
2615 2654 2350 2389 4280 4319
2615 2654 2350 2389 4320 4359
2615 2654 2350 2389 4360 4399
2615 2654 2350 2389 4400 4439
2615 2654 2350 2389 4440 4479
2615 2654 2350 2389 4480 4519
2615 2654 2350 2389 4520 4559
2615 2654 2350 2389 4560 4599
2615 2654 2350 2389 4600 4639
2615 2654 2350 2389 4640 4679
2615 2654 2350 2389 4680 4719
2615 2654 2350 2389 4720 4759
2615 2654 2350 2389 4760 4799
2615 2654 2350 2389 4800 4839
2615 2654 2350 2389 4840 4879
2615 2654 2350 2389 4880 4919
2615 2654 2350 2389 4920 4959
2615 2654 2350 2389 4960 4999
2615 2654 2350 2389 5000 5039
2655 2694 2230 2269 0 39
2655 2694 2230 2269 40 79
2655 2694 2230 2269 80 119
2655 2694 2230 2269 120 159
2655 2694 2230 2269 160 199
2655 2694 2230 2269 200 239
2655 2694 2230 2269 240 279
2655 2694 2230 2269 280 319
2655 2694 2230 2269 320 359
2655 2694 2230 2269 360 399
2655 2694 2230 2269 400 439
2655 2694 2230 2269 440 479
2655 2694 2230 2269 480 519
2655 2694 2230 2269 520 559
2655 2694 2230 2269 560 599
2655 2694 2230 2269 600 639
2655 2694 2230 2269 640 679
2655 2694 2230 2269 680 719
2655 2694 2230 2269 720 759
2655 2694 2230 2269 760 799
2655 2694 2230 2269 800 839
2655 2694 2230 2269 840 879
2655 2694 2230 2269 880 919
2655 2694 2230 2269 920 959
2655 2694 2230 2269 960 999
2655 2694 2230 2269 1000 1039
2655 2694 2230 2269 1040 1079
2655 2694 2230 2269 1080 1119
2655 2694 2230 2269 1120 1159
2655 2694 2230 2269 1160 1199
2655 2694 2230 2269 1200 1239
2655 2694 2230 2269 1240 1279
2655 2694 2230 2269 1280 1319
2655 2694 2230 2269 1320 1359
2655 2694 2230 2269 1360 1399
2655 2694 2230 2269 1400 1439
2655 2694 2230 2269 1440 1479
2655 2694 2230 2269 1480 1519
2655 2694 2230 2269 1520 1559
2655 2694 2230 2269 1560 1599
2655 2694 2230 2269 1600 1639
2655 2694 2230 2269 1640 1679
2655 2694 2230 2269 1680 1719
2655 2694 2230 2269 1720 1759
2655 2694 2230 2269 1760 1799
2655 2694 2230 2269 1800 1839
2655 2694 2230 2269 1840 1879
2655 2694 2230 2269 1880 1919
2655 2694 2230 2269 1920 1959
2655 2694 2230 2269 1960 1999
2655 2694 2230 2269 2000 2039
2655 2694 2230 2269 2040 2079
2655 2694 2230 2269 2080 2119
2655 2694 2230 2269 2120 2159
2655 2694 2230 2269 2160 2199
2655 2694 2230 2269 2200 2239
2655 2694 2230 2269 2240 2279
2655 2694 2230 2269 2280 2319
2655 2694 2230 2269 2320 2359
2655 2694 2230 2269 2360 2399
2655 2694 2230 2269 2400 2439
2655 2694 2230 2269 2440 2479
2655 2694 2230 2269 2480 2519
2655 2694 2230 2269 2520 2559
2655 2694 2230 2269 2560 2599
2655 2694 2230 2269 2600 2639
2655 2694 2230 2269 2640 2679
2655 2694 2230 2269 2680 2719
2655 2694 2230 2269 2720 2759
2655 2694 2230 2269 2760 2799
2655 2694 2230 2269 2800 2839
2655 2694 2230 2269 2840 2879
2655 2694 2230 2269 2880 2919
2655 2694 2230 2269 2920 2959
2655 2694 2230 2269 2960 2999
2655 2694 2230 2269 3000 3039
2655 2694 2230 2269 3040 3079
2655 2694 2230 2269 3080 3119
2655 2694 2230 2269 3120 3159
2655 2694 2230 2269 3160 3199
2655 2694 2230 2269 3200 3239
2655 2694 2230 2269 3240 3279
2655 2694 2230 2269 3280 3319
2655 2694 2230 2269 3320 3359
2655 2694 2230 2269 3360 3399
2655 2694 2230 2269 3400 3439
2655 2694 2230 2269 3440 3479
2655 2694 2230 2269 3480 3519
2655 2694 2230 2269 3520 3559
2655 2694 2230 2269 3560 3599
2655 2694 2230 2269 3600 3639
2655 2694 2230 2269 3640 3679
2655 2694 2230 2269 3680 3719
2655 2694 2230 2269 3720 3759
2655 2694 2230 2269 3760 3799
2655 2694 2230 2269 3800 3839
2655 2694 2230 2269 3840 3879
2655 2694 2230 2269 3880 3919
2655 2694 2230 2269 3920 3959
2655 2694 2230 2269 3960 3999
2655 2694 2230 2269 4000 4039
2655 2694 2230 2269 4040 4079
2655 2694 2230 2269 4080 4119
2655 2694 2230 2269 4120 4159
2655 2694 2230 2269 4160 4199
2655 2694 2230 2269 4200 4239
2655 2694 2230 2269 4240 4279
2655 2694 2230 2269 4280 4319
2655 2694 2230 2269 4320 4359
2655 2694 2230 2269 4360 4399
2655 2694 2230 2269 4400 4439
2655 2694 2230 2269 4440 4479
2655 2694 2230 2269 4480 4519
2655 2694 2230 2269 4520 4559
2655 2694 2230 2269 4560 4599
2655 2694 2230 2269 4600 4639
2655 2694 2230 2269 4640 4679
2655 2694 2230 2269 4680 4719
2655 2694 2230 2269 4720 4759
2655 2694 2230 2269 4760 4799
2655 2694 2230 2269 4800 4839
2655 2694 2230 2269 4840 4879
2655 2694 2230 2269 4880 4919
2655 2694 2230 2269 4920 4959
2655 2694 2230 2269 4960 4999
2655 2694 2230 2269 5000 5039
2655 2694 2270 2309 0 39
2655 2694 2270 2309 40 79
2655 2694 2270 2309 80 119
2655 2694 2270 2309 120 159
2655 2694 2270 2309 160 199
2655 2694 2270 2309 200 239
2655 2694 2270 2309 240 279
2655 2694 2270 2309 280 319
2655 2694 2270 2309 320 359
2655 2694 2270 2309 360 399
2655 2694 2270 2309 400 439
2655 2694 2270 2309 440 479
2655 2694 2270 2309 480 519
2655 2694 2270 2309 520 559
2655 2694 2270 2309 560 599
2655 2694 2270 2309 600 639
2655 2694 2270 2309 640 679
2655 2694 2270 2309 680 719
2655 2694 2270 2309 720 759
2655 2694 2270 2309 760 799
2655 2694 2270 2309 800 839
2655 2694 2270 2309 840 879
2655 2694 2270 2309 880 919
2655 2694 2270 2309 920 959
2655 2694 2270 2309 960 999
2655 2694 2270 2309 1000 1039
2655 2694 2270 2309 1040 1079
2655 2694 2270 2309 1080 1119
2655 2694 2270 2309 1120 1159
2655 2694 2270 2309 1160 1199
2655 2694 2270 2309 1200 1239
2655 2694 2270 2309 1240 1279
2655 2694 2270 2309 1280 1319
2655 2694 2270 2309 1320 1359
2655 2694 2270 2309 1360 1399
2655 2694 2270 2309 1400 1439
2655 2694 2270 2309 1440 1479
2655 2694 2270 2309 1480 1519
2655 2694 2270 2309 1520 1559
2655 2694 2270 2309 1560 1599
2655 2694 2270 2309 1600 1639
2655 2694 2270 2309 1640 1679
2655 2694 2270 2309 1680 1719
2655 2694 2270 2309 1720 1759
2655 2694 2270 2309 1760 1799
2655 2694 2270 2309 1800 1839
2655 2694 2270 2309 1840 1879
2655 2694 2270 2309 1880 1919
2655 2694 2270 2309 1920 1959
2655 2694 2270 2309 1960 1999
2655 2694 2270 2309 2000 2039
2655 2694 2270 2309 2040 2079
2655 2694 2270 2309 2080 2119
2655 2694 2270 2309 2120 2159
2655 2694 2270 2309 2160 2199
2655 2694 2270 2309 2200 2239
2655 2694 2270 2309 2240 2279
2655 2694 2270 2309 2280 2319
2655 2694 2270 2309 2320 2359
2655 2694 2270 2309 2360 2399
2655 2694 2270 2309 2400 2439
2655 2694 2270 2309 2440 2479
2655 2694 2270 2309 2480 2519
2655 2694 2270 2309 2520 2559
2655 2694 2270 2309 2560 2599
2655 2694 2270 2309 2600 2639
2655 2694 2270 2309 2640 2679
2655 2694 2270 2309 2680 2719
2655 2694 2270 2309 2720 2759
2655 2694 2270 2309 2760 2799
2655 2694 2270 2309 2800 2839
2655 2694 2270 2309 2840 2879
2655 2694 2270 2309 2880 2919
2655 2694 2270 2309 2920 2959
2655 2694 2270 2309 2960 2999
2655 2694 2270 2309 3000 3039
2655 2694 2270 2309 3040 3079
2655 2694 2270 2309 3080 3119
2655 2694 2270 2309 3120 3159
2655 2694 2270 2309 3160 3199
2655 2694 2270 2309 3200 3239
2655 2694 2270 2309 3240 3279
2655 2694 2270 2309 3280 3319
2655 2694 2270 2309 3320 3359
2655 2694 2270 2309 3360 3399
2655 2694 2270 2309 3400 3439
2655 2694 2270 2309 3440 3479
2655 2694 2270 2309 3480 3519
2655 2694 2270 2309 3520 3559
2655 2694 2270 2309 3560 3599
2655 2694 2270 2309 3600 3639
2655 2694 2270 2309 3640 3679
2655 2694 2270 2309 3680 3719
2655 2694 2270 2309 3720 3759
2655 2694 2270 2309 3760 3799
2655 2694 2270 2309 3800 3839
2655 2694 2270 2309 3840 3879
2655 2694 2270 2309 3880 3919
2655 2694 2270 2309 3920 3959
2655 2694 2270 2309 3960 3999
2655 2694 2270 2309 4000 4039
2655 2694 2270 2309 4040 4079
2655 2694 2270 2309 4080 4119
2655 2694 2270 2309 4120 4159
2655 2694 2270 2309 4160 4199
2655 2694 2270 2309 4200 4239
2655 2694 2270 2309 4240 4279
2655 2694 2270 2309 4280 4319
2655 2694 2270 2309 4320 4359
2655 2694 2270 2309 4360 4399
2655 2694 2270 2309 4400 4439
2655 2694 2270 2309 4440 4479
2655 2694 2270 2309 4480 4519
2655 2694 2270 2309 4520 4559
2655 2694 2270 2309 4560 4599
2655 2694 2270 2309 4600 4639
2655 2694 2270 2309 4640 4679
2655 2694 2270 2309 4680 4719
2655 2694 2270 2309 4720 4759
2655 2694 2270 2309 4760 4799
2655 2694 2270 2309 4800 4839
2655 2694 2270 2309 4840 4879
2655 2694 2270 2309 4880 4919
2655 2694 2270 2309 4920 4959
2655 2694 2270 2309 4960 4999
2655 2694 2270 2309 5000 5039
2655 2694 2310 2349 0 39
2655 2694 2310 2349 40 79
2655 2694 2310 2349 80 119
2655 2694 2310 2349 120 159
2655 2694 2310 2349 160 199
2655 2694 2310 2349 200 239
2655 2694 2310 2349 240 279
2655 2694 2310 2349 280 319
2655 2694 2310 2349 320 359
2655 2694 2310 2349 360 399
2655 2694 2310 2349 400 439
2655 2694 2310 2349 440 479
2655 2694 2310 2349 480 519
2655 2694 2310 2349 520 559
2655 2694 2310 2349 560 599
2655 2694 2310 2349 600 639
2655 2694 2310 2349 640 679
2655 2694 2310 2349 680 719
2655 2694 2310 2349 720 759
2655 2694 2310 2349 760 799
2655 2694 2310 2349 800 839
2655 2694 2310 2349 840 879
2655 2694 2310 2349 880 919
2655 2694 2310 2349 920 959
2655 2694 2310 2349 960 999
2655 2694 2310 2349 1000 1039
2655 2694 2310 2349 1040 1079
2655 2694 2310 2349 1080 1119
2655 2694 2310 2349 1120 1159
2655 2694 2310 2349 1160 1199
2655 2694 2310 2349 1200 1239
2655 2694 2310 2349 1240 1279
2655 2694 2310 2349 1280 1319
2655 2694 2310 2349 1320 1359
2655 2694 2310 2349 1360 1399
2655 2694 2310 2349 1400 1439
2655 2694 2310 2349 1440 1479
2655 2694 2310 2349 1480 1519
2655 2694 2310 2349 1520 1559
2655 2694 2310 2349 1560 1599
2655 2694 2310 2349 1600 1639
2655 2694 2310 2349 1640 1679
2655 2694 2310 2349 1680 1719
2655 2694 2310 2349 1720 1759
2655 2694 2310 2349 1760 1799
2655 2694 2310 2349 1800 1839
2655 2694 2310 2349 1840 1879
2655 2694 2310 2349 1880 1919
2655 2694 2310 2349 1920 1959
2655 2694 2310 2349 1960 1999
2655 2694 2310 2349 2000 2039
2655 2694 2310 2349 2040 2079
2655 2694 2310 2349 2080 2119
2655 2694 2310 2349 2120 2159
2655 2694 2310 2349 2160 2199
2655 2694 2310 2349 2200 2239
2655 2694 2310 2349 2240 2279
2655 2694 2310 2349 2280 2319
2655 2694 2310 2349 2320 2359
2655 2694 2310 2349 2360 2399
2655 2694 2310 2349 2400 2439
2655 2694 2310 2349 2440 2479
2655 2694 2310 2349 2480 2519
2655 2694 2310 2349 2520 2559
2655 2694 2310 2349 2560 2599
2655 2694 2310 2349 2600 2639
2655 2694 2310 2349 2640 2679
2655 2694 2310 2349 2680 2719
2655 2694 2310 2349 2720 2759
2655 2694 2310 2349 2760 2799
2655 2694 2310 2349 2800 2839
2655 2694 2310 2349 2840 2879
2655 2694 2310 2349 2880 2919
2655 2694 2310 2349 2920 2959
2655 2694 2310 2349 2960 2999
2655 2694 2310 2349 3000 3039
2655 2694 2310 2349 3040 3079
2655 2694 2310 2349 3080 3119
2655 2694 2310 2349 3120 3159
2655 2694 2310 2349 3160 3199
2655 2694 2310 2349 3200 3239
2655 2694 2310 2349 3240 3279
2655 2694 2310 2349 3280 3319
2655 2694 2310 2349 3320 3359
2655 2694 2310 2349 3360 3399
2655 2694 2310 2349 3400 3439
2655 2694 2310 2349 3440 3479
2655 2694 2310 2349 3480 3519
2655 2694 2310 2349 3520 3559
2655 2694 2310 2349 3560 3599
2655 2694 2310 2349 3600 3639
2655 2694 2310 2349 3640 3679
2655 2694 2310 2349 3680 3719
2655 2694 2310 2349 3720 3759
2655 2694 2310 2349 3760 3799
2655 2694 2310 2349 3800 3839
2655 2694 2310 2349 3840 3879
2655 2694 2310 2349 3880 3919
2655 2694 2310 2349 3920 3959
2655 2694 2310 2349 3960 3999
2655 2694 2310 2349 4000 4039
2655 2694 2310 2349 4040 4079
2655 2694 2310 2349 4080 4119
2655 2694 2310 2349 4120 4159
2655 2694 2310 2349 4160 4199
2655 2694 2310 2349 4200 4239
2655 2694 2310 2349 4240 4279
2655 2694 2310 2349 4280 4319
2655 2694 2310 2349 4320 4359
2655 2694 2310 2349 4360 4399
2655 2694 2310 2349 4400 4439
2655 2694 2310 2349 4440 4479
2655 2694 2310 2349 4480 4519
2655 2694 2310 2349 4520 4559
2655 2694 2310 2349 4560 4599
